image: cross_highway_display_2.PNG
resolution: 0.175438
origin: [0.000000, 0.00000, 0.000000]
negate: 0
occupied_thresh: 0.65
free_thresh: 0.196
